Stoped at epoch: 0 Error: 982
Layer: 0
	Neuron: 0 0,46229491241383125 0,36186332249169395
	Neuron: 1 -0,31421917016348766 -0,2561283417773099
	Neuron: 2 0,45658633390282577 -0,46984271331217264
	Neuron: 3 0,47101452526218 0,07651503271260995
	Neuron: 4 0,4748429488273538 -0,49411982157925133
	Neuron: 5 0,43389880235022804 0,2197782782464187
	Neuron: 6 -0,25130364147541284 -0,3787561440275778
	Neuron: 7 0,05199171674996228 0,034691481634365195
	Neuron: 8 0,3000531931407997 -0,11126489453542276
	Neuron: 9 -0,03713887768664342 -0,03607685982066994
Layer: 1
	Neuron: 0 -0,49475939059386004 0,4792621196151069 0,06477572143300236 0,010049680951074502 -0,04761063798685122 0,4917130139617776 -0,233499972025631 -0,039290311997425886 -0,256748693881905 0,11445341706948975
